$ANSIBLE_VAULT;1.1;AES256
36623539303533353435363538663139306235626165656262363338623864363332643531613766
3632303939653433393864313038306566663537663139370a653939316365326566666565323861
34643065303038633766306331623439393361333335663932353231356635326464383033323630
3931623337643661640a356231396362356536656339323333316331616665623465316165326232
37656664363235636638326463306431666166373539383061366566623939393164336136366334
63393438363634336236343737306262393761653161353735626133393265663839366631663163
39353062616636343763376666333331396663643236613864626131363532636362363937336437
35613632663866666137383435636161396135373037343236373961653633333537366333313066
63393939646562333037653365623265623132356232363532653330633338333662333632613664
66356465316333313730396363303238666163373736393232663762323835633338303733656462
65316662373735326532363535623334386131323235376533323265386562373262316334653364
30653265343865326564393066356639363434353563383938656439353661353638313736393630
31373039623432653239303337616639353235623265643832316535393064616263643430626231
36616632306363366561633363306664376233343533643735316436383234333137323332343266
63653830613434653636653636336537313464356538376230643161343633626366666431613937
61303461626339386666
