$ANSIBLE_VAULT;1.1;AES256
39373230316333613531383736633337376337333437616237386363653230323039376630393661
6631303230623266646662613630623330636632626361300a616631616165343935666434656335
36623961633462656562663431313438633166323565353538386234633036636539336637373637
3933663061386238630a613362343062333262323432376639343562313539643532663762653532
37663331643261366361653666316135643266343165613565626230306538643935336130633639
63303836633962386432343534303530366636653236303636336139363439663831643930623339
61313530643530326538343330343637633665663233346332396231653537633863383165306638
34626632613336383132626461636466346139653863343331306238363061353230306162373135
64393030343236343339333030326233623339343736613563303132613761663633316265366262
36633865623862653230313135663962376262646633383936613635653464363062613861356533
36383630343732333139343130333765613537303761316461653963396239633366656163396436
65383139636430373739
